122 138
23 23 23 23 23 23 23 23 23 23 23 23 23 23 23 23 23 23 23 23 23 23 23 23 23 23 23 23 23 23 23 23 23 23 23 23 23 23 23 23 23 23 23 23 23 23 23 23 23 23 23 23 23 23 23 23 23 23 23 23 23 23 23 23 23 23 23 23 23 23 23 23 23 23 23 23 23 23 23 23 23 23 23 23 23 23 23 23 23 23 23 23 23 23 23 23 23 23 23 23 23 23 23 23 23 23 23 23 23 23 23 23 23 23 23 23 23 23 23 23 23 23 23 23 23 23 23 23 23 23 23 23 23 23 23 23 23 23 
23 23 23 23 23 23 23 23 23 23 23 23 23 23 23 23 23 23 23 23 23 23 23 23 23 23 23 23 23 23 23 23 23 23 23 23 23 23 23 23 23 23 23 23 23 23 23 23 23 23 23 23 23 23 23 23 23 23 23 23 23 23 23 23 23 23 23 23 23 23 23 23 23 23 23 23 23 23 23 23 23 23 23 23 23 23 23 23 23 23 23 23 23 23 23 23 23 23 23 23 23 23 23 23 23 23 23 23 23 23 23 23 23 23 23 23 23 23 23 23 23 23 23 23 23 23 23 23 23 23 23 23 23 23 23 23 23 23 
23 23 23 23 23 23 23 23 23 23 23 23 23 23 23 23 23 23 23 23 23 23 23 23 23 23 23 23 23 23 23 23 23 23 23 23 23 23 23 23 23 23 23 23 23 23 23 23 23 23 23 23 23 23 23 23 23 23 23 23 23 23 23 23 23 23 23 23 23 23 23 23 23 23 23 23 23 23 23 23 23 23 23 23 23 23 23 23 23 23 23 23 23 23 23 23 23 23 23 23 23 23 23 23 23 23 23 23 23 23 23 23 23 23 23 23 23 23 23 23 23 23 23 23 23 23 23 23 23 23 23 23 23 23 23 23 23 23 
23 23 23 23 23 23 23 23 23 23 23 23 23 23 23 23 23 23 23 23 23 23 23 23 23 23 23 23 23 23 23 23 23 23 23 23 23 23 23 23 23 23 23 23 23 23 23 23 23 23 23 23 23 23 23 23 23 23 23 23 23 23 23 23 23 23 23 23 23 23 23 23 23 23 23 23 23 23 23 23 23 23 23 23 23 23 23 23 23 23 23 23 23 23 23 23 23 23 23 23 23 23 23 23 23 23 23 23 23 23 23 23 23 23 23 23 23 23 23 23 23 23 23 23 23 23 23 23 23 23 23 23 23 23 23 23 23 23 
23 23 23 23 23 23 23 23 23 23 23 23 23 23 23 23 23 23 23 23 23 23 23 23 23 23 23 23 23 23 23 23 23 23 23 23 23 23 23 23 23 23 23 23 23 23 23 23 23 23 23 23 23 23 23 23 23 23 23 23 23 23 23 23 23 23 23 23 23 23 23 23 23 23 23 23 23 23 23 23 23 23 23 23 23 23 23 23 23 23 23 23 23 23 23 23 23 23 23 23 23 23 23 23 23 23 23 23 23 23 23 23 23 23 23 23 23 23 23 23 23 23 23 23 23 23 23 23 23 23 23 23 23 23 23 23 23 23 
23 23 23 23 23 23 23 23 23 23 23 23 23 23 23 23 23 23 23 23 23 23 23 23 23 23 23 23 23 23 23 23 23 23 23 23 23 23 23 23 23 23 23 23 23 23 23 23 23 23 23 23 23 23 23 23 23 23 23 23 23 23 23 23 23 23 23 23 23 23 23 23 23 23 23 23 23 23 23 23 23 23 23 23 23 23 23 23 23 23 23 23 23 23 23 23 23 23 23 23 23 23 23 23 23 23 23 23 23 23 23 23 23 23 23 23 23 23 23 23 23 23 23 23 23 23 23 23 23 23 23 23 23 23 23 23 23 23 
23 23 23 23 23 23 23 23 23 23 23 23 23 23 23 23 23 23 23 23 23 23 23 23 23 23 23 23 23 23 23 23 23 23 23 23 23 23 23 23 23 23 23 23 23 23 23 23 23 23 23 23 23 23 23 23 23 23 23 23 23 23 23 23 23 23 23 23 23 23 23 23 23 23 23 23 23 23 23 23 23 23 23 23 23 23 23 23 23 23 23 23 23 23 23 23 23 23 23 23 23 23 23 23 23 23 23 23 23 23 23 23 23 23 23 23 23 23 23 23 23 23 23 23 23 23 23 23 23 23 23 23 23 23 23 23 23 23 
23 23 23 23 23 23 23 23 23 23 23 23 23 23 23 23 23 23 23 23 23 23 23 23 23 23 23 23 23 23 23 23 23 23 23 23 23 23 23 23 23 23 23 23 23 23 23 23 23 23 23 23 23 23 23 23 23 23 23 23 23 23 23 23 23 23 23 23 23 23 23 23 23 23 23 23 23 23 23 23 23 23 23 23 23 23 23 23 23 23 23 23 23 23 23 23 23 23 23 23 23 23 23 23 23 23 23 23 23 23 23 23 23 23 23 23 23 23 23 23 23 23 23 23 23 23 23 23 23 23 23 23 23 23 23 23 23 23 
23 23 23 23 23 23 23 23 23 23 23 23 23 23 23 23 23 23 23 23 23 23 23 23 23 23 23 23 23 23 23 23 23 23 23 23 23 23 23 23 23 23 23 23 23 23 23 23 23 23 23 23 23 23 23 23 23 23 23 23 23 23 23 23 23 23 23 23 23 23 23 23 23 23 23 23 23 23 23 23 23 23 23 23 23 23 23 23 23 23 23 23 23 23 23 23 23 23 23 23 23 23 23 23 23 23 23 23 23 23 23 23 23 23 23 23 23 23 23 23 23 23 23 23 23 23 23 23 23 23 23 23 23 23 23 23 23 23 
23 23 23 23 23 23 23 23 23 23 23 23 23 23 23 23 23 23 23 23 23 23 23 23 23 23 23 23 23 23 23 23 23 23 23 23 23 23 23 23 23 23 23 23 23 23 23 23 23 23 23 23 23 23 23 23 23 23 23 23 23 23 23 23 23 23 23 23 23 23 23 23 23 23 23 23 23 23 23 23 23 23 23 23 23 23 23 23 23 23 23 23 23 23 23 23 23 23 23 23 23 23 23 23 23 23 23 23 23 23 23 23 23 23 23 23 23 23 23 23 23 23 23 23 23 23 23 23 23 23 23 23 23 23 23 23 23 23 
23 23 23 23 23 23 23 23 23 23 23 23 23 23 23 23 23 23 23 23 23 23 23 23 23 23 23 23 23 23 23 23 23 23 23 23 23 23 23 23 23 23 23 23 23 23 23 23 23 23 23 23 23 23 23 23 23 23 23 23 23 23 23 23 23 23 23 23 23 23 23 23 23 23 23 23 23 23 23 23 23 23 23 23 23 23 23 23 23 23 23 23 23 23 23 23 23 23 23 23 23 23 23 23 23 23 23 23 23 23 23 23 23 23 23 23 23 23 23 23 23 23 23 23 23 23 23 23 23 23 23 23 23 23 23 23 23 23 
23 23 23 23 23 23 23 23 23 23 23 23 23 23 23 23 23 23 23 17 17 17 17 17 17 17 17 17 17 17 17 17 17 17 17 17 17 17 17 17 17 17 17 17 17 17 17 17 17 17 17 17 17 17 17 17 17 17 17 17 17 17 17 17 17 17 17 17 17 17 17 17 17 17 17 17 17 17 17 17 17 17 17 17 17 17 17 17 17 17 17 17 17 17 17 17 17 17 17 17 17 17 17 17 17 17 17 17 17 17 17 17 17 17 17 17 17 17 17 23 23 23 23 23 23 23 23 23 23 23 23 23 23 23 23 23 23 23 
23 23 23 23 23 23 23 23 23 23 23 23 23 23 23 23 23 23 23 17 17 17 17 17 17 17 17 17 17 17 17 17 17 17 17 17 17 17 17 17 17 17 17 17 17 17 17 17 17 17 17 17 17 17 17 17 17 17 17 17 17 17 17 17 17 17 17 17 17 17 17 17 17 17 17 17 17 17 17 17 17 17 17 21 17 17 17 17 17 17 17 17 17 17 17 17 17 17 17 17 17 17 17 17 17 17 17 17 17 22 17 17 17 17 21 17 17 17 17 23 23 23 23 23 23 23 23 23 23 23 23 23 23 23 23 23 23 23 
23 23 23 23 23 23 23 23 23 23 23 23 23 23 23 23 23 23 23 17 17 17 17 17 17 17 17 17 17 17 17 17 17 17 17 17 17 17 17 17 17 17 17 17 17 17 17 17 17 17 17 17 17 17 17 17 17 17 17 17 17 17 17 17 17 17 17 17 17 17 17 17 17 22 17 17 17 17 17 17 17 17 17 17 17 17 17 17 17 17 17 17 17 17 17 17 17 17 17 17 17 17 17 17 21 17 17 17 17 17 17 17 17 17 17 17 17 17 17 23 23 23 23 23 23 23 23 23 23 23 23 23 23 23 23 23 23 23 
23 23 23 23 23 23 23 23 23 23 23 23 23 23 23 23 23 23 23 17 17 17 17 17 17 17 17 17 17 17 17 17 17 17 17 17 17 17 17 17 17 17 17 17 17 17 17 17 17 17 17 17 17 17 17 17 17 17 17 17 17 17 17 17 17 17 17 17 17 17 17 17 17 17 17 17 17 17 17 17 17 17 17 17 22 17 17 17 17 21 17 17 17 17 17 17 17 17 17 17 17 17 17 17 17 17 17 17 17 17 17 17 17 17 17 17 17 17 17 23 23 23 23 23 23 23 23 23 23 23 23 23 23 23 23 23 23 23 
23 23 23 23 23 23 23 23 23 23 23 23 23 23 23 23 23 23 23 17 17 17 17 17 17 17 17 17 17 17 17 17 17 17 17 21 17 17 17 17 17 17 17 17 17 17 17 17 17 17 17 17 17 17 17 17 17 17 17 17 17 17 17 17 17 17 17 17 17 17 17 17 17 17 17 17 17 21 17 17 20 20 17 17 20 17 17 17 17 17 17 17 17 17 17 17 17 17 17 17 17 17 17 17 17 17 17 20 17 17 17 17 17 17 22 17 17 17 17 23 23 23 23 23 23 23 23 23 23 23 23 23 23 23 23 23 23 23 
23 23 23 23 23 23 23 23 23 23 23 23 23 23 23 23 23 23 23 17 17 17 17 17 17 17 17 17 17 17 17 17 17 17 17 17 17 17 17 17 17 17 17 17 22 17 17 17 17 17 17 17 17 17 17 17 17 17 17 22 17 17 17 17 17 17 17 17 17 17 17 38 17 17 17 17 17 17 20 20 20 20 20 20 20 20 17 17 22 17 17 17 17 17 17 17 17 17 17 17 22 17 17 17 17 21 17 17 17 20 20 17 20 17 17 17 17 17 17 23 23 23 23 23 23 23 23 23 23 23 23 23 23 23 23 23 23 23 
23 23 23 23 23 23 23 23 23 23 23 23 23 23 23 23 23 23 23 17 17 17 17 17 17 17 17 17 17 17 17 17 17 17 17 17 17 17 17 17 17 17 17 17 17 17 17 17 17 17 17 17 17 17 17 17 17 17 17 17 17 17 17 17 17 17 17 17 17 17 17 17 17 17 17 17 21 20 17 20 20 19 19 20 20 20 17 17 17 17 17 17 17 17 17 17 37 17 17 17 17 17 17 20 20 17 20 20 20 20 20 20 20 17 17 17 17 17 17 23 23 23 23 23 23 23 23 23 23 23 23 23 23 23 23 23 23 23 
23 23 23 23 23 23 23 23 23 23 23 23 23 23 23 23 23 23 23 17 17 17 17 17 17 17 17 22 17 17 17 17 17 17 17 17 17 17 17 20 17 17 17 17 17 17 17 17 21 17 17 17 17 17 17 17 37 17 17 17 17 17 17 17 17 17 17 17 17 17 17 17 17 17 17 17 17 20 20 20 19 18 18 18 19 20 17 20 17 17 17 17 17 17 17 17 17 17 17 17 17 17 17 20 17 20 20 19 19 19 19 20 20 20 17 17 17 17 17 23 23 23 23 23 23 23 23 23 23 23 23 23 23 23 23 23 23 23 
23 23 23 23 23 23 23 23 23 23 23 23 23 23 23 23 23 23 23 17 17 17 17 17 17 17 17 17 17 17 17 17 17 17 17 17 17 17 17 17 20 20 20 17 17 20 17 17 17 17 17 17 17 17 17 17 17 17 17 17 17 17 17 17 17 17 17 17 17 17 17 17 17 21 17 17 17 17 20 19 18 24 25 18 19 20 17 17 17 17 17 17 17 17 17 17 17 17 17 21 17 17 17 20 17 20 20 19 18 18 19 19 20 20 17 17 17 17 17 23 23 23 23 23 23 23 23 23 23 23 23 23 23 23 23 23 23 23 
23 23 23 23 23 23 23 23 23 23 23 23 23 23 23 23 23 23 23 17 17 17 17 17 17 17 17 17 17 17 17 17 17 17 17 17 17 17 17 20 20 20 19 20 20 17 17 17 17 17 17 17 17 17 17 17 17 17 17 17 17 17 17 17 17 17 17 17 17 17 17 17 17 17 17 17 17 17 20 19 18 26 27 18 18 20 20 17 17 17 17 21 17 17 17 21 17 17 17 17 17 17 17 17 17 20 19 18 24 25 18 19 20 17 20 17 17 17 17 23 23 23 23 23 23 23 23 23 23 23 23 23 23 23 23 23 23 23 
23 23 23 23 23 23 23 23 23 23 23 23 23 23 23 23 23 23 23 17 17 17 17 17 17 17 17 17 17 17 17 17 17 17 17 17 17 21 20 20 19 19 18 19 20 17 17 17 17 17 17 21 17 17 17 17 17 17 17 17 17 17 17 17 17 17 17 17 17 17 17 17 17 17 17 17 17 20 20 20 18 18 18 18 19 20 20 17 17 17 17 17 17 17 17 17 17 17 17 17 17 17 17 20 17 20 19 18 26 27 18 19 20 17 20 17 21 17 17 23 23 23 23 23 23 23 23 23 23 23 23 23 23 23 23 23 23 23 
23 23 23 23 23 23 23 23 23 23 23 23 23 23 23 23 23 23 23 17 17 17 17 17 17 17 17 17 17 17 17 17 17 17 17 17 17 17 20 19 18 24 25 19 20 17 17 17 17 17 17 17 17 17 17 17 17 17 17 17 17 17 17 17 17 17 17 17 17 17 17 17 17 17 17 17 17 20 20 19 19 19 18 19 19 20 20 17 17 17 17 17 17 17 17 17 17 17 17 17 17 17 17 20 17 20 19 18 18 18 19 19 20 20 17 17 17 17 17 23 23 23 23 23 23 23 23 23 23 23 23 23 23 23 23 23 23 23 
23 23 23 23 23 23 23 23 23 23 23 23 23 23 23 23 23 23 23 17 17 17 17 17 17 17 17 17 17 17 17 17 17 22 17 17 17 20 20 19 18 26 27 19 20 17 17 17 17 17 17 17 17 17 17 17 21 17 17 17 17 17 17 17 17 17 17 17 17 17 17 17 17 17 17 17 22 20 20 20 19 20 19 20 20 17 20 17 17 17 17 17 17 17 17 17 17 17 17 17 17 22 17 17 20 20 20 19 19 19 20 20 20 20 17 17 17 17 17 23 23 23 23 23 23 23 23 23 23 23 23 23 23 23 23 23 23 23 
23 23 23 23 23 23 23 23 23 23 23 23 23 23 23 23 23 23 23 17 17 17 17 17 17 17 17 17 17 17 17 17 17 17 17 17 22 17 20 20 19 18 18 20 20 17 20 17 17 17 17 17 17 17 17 17 17 17 17 17 17 17 17 17 17 17 17 17 17 22 17 17 17 17 17 17 17 17 17 20 17 20 20 17 17 20 20 17 17 17 17 17 17 17 17 17 17 17 17 17 17 17 17 17 17 20 20 20 20 20 17 17 17 17 17 17 17 17 17 23 23 23 23 23 23 23 23 23 23 23 23 23 23 23 23 23 23 23 
23 23 23 23 23 23 23 23 23 23 23 23 23 23 23 23 23 23 23 17 17 17 17 17 17 17 17 17 17 17 17 17 17 17 17 17 17 17 17 20 20 19 19 20 17 17 17 17 17 17 17 17 17 17 17 17 17 17 17 17 17 17 17 17 17 17 17 17 17 17 17 17 17 17 17 17 17 17 17 17 20 17 20 20 20 17 17 21 17 17 17 17 17 21 17 17 17 17 17 21 17 17 17 17 17 17 20 17 20 17 20 20 17 17 17 17 17 17 17 23 23 23 23 23 23 23 23 23 23 23 23 23 23 23 23 23 23 23 
23 23 23 23 23 23 23 23 23 23 23 23 23 23 23 23 23 23 23 17 17 17 17 17 17 17 17 17 17 17 17 17 17 17 17 17 17 20 17 20 20 20 20 20 17 17 17 17 21 17 17 17 17 17 17 17 17 17 17 17 17 17 17 17 22 17 17 17 17 17 17 17 17 17 17 21 17 17 17 17 17 17 17 17 17 17 17 17 17 17 17 17 17 17 17 17 17 17 17 17 17 17 17 17 17 17 17 17 17 17 17 17 17 17 17 22 17 17 17 23 23 23 23 23 23 23 23 23 23 23 23 23 23 23 23 23 23 23 
23 23 23 23 23 23 23 23 23 23 23 23 23 23 23 23 23 23 23 17 17 17 17 17 17 17 17 17 17 17 17 17 17 17 17 17 17 17 17 17 17 17 17 17 17 17 17 17 17 17 20 20 20 20 20 17 20 17 17 22 17 17 17 17 17 17 17 17 17 17 17 17 17 17 17 17 17 17 17 17 17 17 17 17 17 17 17 17 17 17 20 20 17 17 20 20 17 17 17 17 17 17 17 17 17 17 17 17 17 17 17 17 17 17 17 17 17 17 17 23 23 23 23 23 23 23 23 23 23 23 23 23 23 23 23 23 23 23 
23 23 23 23 23 23 23 23 23 23 23 23 23 23 23 23 23 23 23 17 17 17 17 17 17 17 17 17 17 17 17 21 17 17 17 17 17 17 17 17 21 17 17 17 17 17 17 20 20 20 20 20 20 20 20 20 20 20 17 17 17 17 17 17 17 17 17 17 17 17 17 17 17 17 17 17 17 17 17 17 17 17 21 17 17 17 17 17 17 17 20 17 20 17 17 20 20 17 20 20 17 17 17 17 17 17 17 22 17 17 17 17 17 17 17 17 17 17 17 23 23 23 23 23 23 23 23 23 23 23 23 23 23 23 23 23 23 23 
23 23 23 23 23 23 23 23 23 23 23 23 23 23 23 23 23 23 23 17 17 17 17 17 17 17 17 17 17 17 17 17 17 17 17 17 17 17 17 17 17 17 17 17 22 17 17 20 20 20 20 19 19 19 19 20 20 20 17 17 17 17 17 17 17 17 17 17 17 17 17 17 17 17 17 17 17 17 17 17 17 17 17 17 22 17 17 17 17 17 20 20 20 20 20 20 20 20 20 17 17 17 17 17 17 17 17 17 17 17 17 17 38 17 17 17 17 17 17 23 23 23 23 23 23 23 23 23 23 23 23 23 23 23 23 23 23 23 
23 23 23 23 23 23 23 23 23 23 23 23 23 23 23 23 23 23 23 17 17 17 17 17 17 17 17 17 17 17 17 17 17 17 17 17 17 17 17 17 17 17 17 17 17 17 20 20 20 20 19 19 19 19 18 19 20 20 20 20 17 17 17 17 17 22 17 17 17 17 17 17 17 17 17 17 17 17 17 17 17 17 17 17 17 17 17 17 17 20 20 20 20 20 20 19 20 20 20 20 17 20 17 17 17 17 17 17 17 17 17 17 17 17 17 17 17 17 17 23 23 23 23 23 23 23 23 23 23 23 23 23 23 23 23 23 23 23 
23 23 23 23 23 23 23 23 23 23 23 23 23 23 23 23 23 23 23 17 17 17 17 17 17 21 17 17 17 17 17 17 17 17 17 17 17 17 17 17 17 17 17 17 17 17 20 20 20 19 19 18 19 18 18 19 18 19 20 20 17 17 17 17 17 17 17 17 17 17 17 17 17 17 17 17 17 17 17 17 17 17 17 17 17 17 17 20 20 20 20 19 19 19 19 19 19 20 20 20 17 20 17 17 17 17 17 17 17 17 21 17 17 17 17 17 17 17 17 23 23 23 23 23 23 23 23 23 23 23 23 23 23 23 23 23 23 23 
23 23 23 23 23 23 23 23 23 23 23 23 23 23 23 23 23 23 23 17 17 17 17 17 17 17 17 17 17 17 17 17 17 17 17 17 17 21 17 17 17 17 17 17 17 17 20 20 19 19 18 19 19 18 18 19 19 19 18 20 20 20 17 17 17 17 17 17 17 17 17 17 17 17 17 17 22 17 17 17 17 17 17 17 17 17 17 20 17 20 19 19 19 18 19 18 19 19 20 20 17 17 17 17 21 17 17 17 17 17 17 17 17 17 17 17 17 17 17 23 23 23 23 23 23 23 23 23 23 23 23 23 23 23 23 23 23 23 
23 23 23 23 23 23 23 23 23 23 23 23 23 23 23 23 23 23 23 17 17 17 17 17 17 17 17 17 17 17 17 17 17 17 17 17 17 17 17 17 17 17 17 17 17 20 20 20 19 18 18 19 18 18 18 18 18 18 19 19 20 20 20 17 17 17 17 17 17 37 17 17 17 17 17 17 17 17 17 17 17 17 17 17 17 17 20 20 20 20 19 19 18 18 18 18 19 19 20 20 20 17 17 17 17 17 17 17 17 17 17 17 17 17 22 17 17 17 17 23 23 23 23 23 23 23 23 23 23 23 23 23 23 23 23 23 23 23 
23 23 23 23 23 23 23 23 23 23 23 23 23 23 23 23 23 23 23 17 17 17 17 17 17 17 17 17 17 17 17 17 17 17 17 17 17 17 17 17 17 17 17 17 20 20 20 19 19 19 18 18 18 24 25 18 18 18 19 19 20 20 17 17 17 17 17 17 17 17 17 17 17 17 17 17 17 17 17 17 22 17 17 22 17 17 20 17 20 20 19 18 18 24 25 18 18 19 20 20 20 17 17 17 17 17 17 17 17 17 17 17 17 17 17 17 17 17 17 23 23 23 23 23 23 23 23 23 23 23 23 23 23 23 23 23 23 23 
23 23 23 23 23 23 23 23 23 23 23 23 23 23 23 23 23 23 23 17 17 17 17 17 17 17 17 17 17 17 17 17 17 17 17 17 17 17 17 17 17 17 21 17 20 20 20 20 19 18 19 18 18 26 27 18 18 18 19 19 20 20 20 17 17 17 17 17 17 17 17 17 17 17 17 17 17 17 17 17 17 17 17 17 17 17 20 17 20 20 19 19 18 26 27 18 18 19 20 20 17 17 17 17 17 17 17 17 17 17 17 17 17 17 17 17 17 17 17 23 23 23 23 23 23 23 23 23 23 23 23 23 23 23 23 23 23 23 
23 23 23 23 23 23 23 23 23 23 23 23 23 23 23 23 23 23 23 17 17 17 17 17 17 17 17 17 17 17 17 17 17 17 17 17 17 17 17 17 17 17 17 17 17 20 20 20 19 19 19 18 18 18 18 18 18 19 18 19 19 20 17 17 17 17 17 17 17 17 17 17 17 17 17 17 17 17 17 17 17 17 17 17 17 17 17 17 20 20 19 18 18 18 18 18 19 19 20 20 20 20 17 17 17 21 17 17 20 17 17 17 17 17 17 17 17 17 17 23 23 23 23 23 23 23 23 23 23 23 23 23 23 23 23 23 23 23 
23 23 23 23 23 23 23 23 23 23 23 23 23 23 23 23 23 23 23 17 17 17 17 17 17 17 17 17 17 17 17 17 17 17 17 17 17 17 17 17 17 17 17 17 17 17 20 20 19 19 19 19 18 18 18 18 19 19 19 20 19 20 17 22 17 17 17 17 17 17 17 17 17 17 17 17 17 17 17 17 17 17 17 17 17 21 17 17 20 20 20 19 19 18 18 18 19 20 20 20 20 17 17 17 17 20 17 20 20 20 20 17 17 17 20 17 17 17 17 23 23 23 23 23 23 23 23 23 23 23 23 23 23 23 23 23 23 23 
23 23 23 23 23 23 23 23 23 23 23 23 23 23 23 23 23 23 23 17 17 17 17 17 17 17 17 37 17 17 17 17 17 17 17 17 17 17 17 17 17 17 17 17 22 17 20 20 20 19 18 19 18 18 18 18 18 18 18 20 20 20 20 17 17 17 17 17 17 17 17 17 17 17 17 17 17 17 17 17 38 17 17 17 17 17 17 17 17 20 20 19 19 19 19 19 19 20 20 20 17 17 17 17 17 20 20 19 19 19 20 20 17 17 17 17 17 17 17 23 23 23 23 23 23 23 23 23 23 23 23 23 23 23 23 23 23 23 
23 23 23 23 23 23 23 23 23 23 23 23 23 23 23 23 23 23 23 17 17 17 17 17 17 17 17 17 17 17 17 17 17 17 17 17 17 17 17 22 17 17 17 17 17 17 20 20 19 20 19 19 18 19 18 19 18 19 19 20 20 17 17 17 17 17 17 17 17 17 17 17 17 17 17 17 17 17 17 17 17 17 17 17 17 17 17 17 17 20 20 20 20 20 20 20 20 20 20 17 20 17 17 17 17 20 19 19 18 18 19 20 20 17 17 17 17 17 17 23 23 23 23 23 23 23 23 23 23 23 23 23 23 23 23 23 23 23 
23 23 23 23 23 23 23 23 23 23 23 23 23 23 23 23 23 23 23 17 17 17 17 17 17 17 17 17 17 17 17 17 17 17 17 17 17 17 17 17 17 17 17 17 17 17 17 20 20 19 20 19 19 18 19 18 20 20 20 20 20 17 17 17 17 17 17 17 17 17 17 17 17 17 17 17 17 17 22 17 17 17 17 17 17 17 17 17 17 20 20 20 20 20 17 20 20 20 17 17 20 17 17 17 20 20 18 18 24 25 18 19 20 17 17 17 17 17 17 23 23 23 23 23 23 23 23 23 23 23 23 23 23 23 23 23 23 23 
23 23 23 23 23 23 23 23 23 23 23 23 23 23 23 23 23 23 23 17 17 17 17 17 17 17 17 17 17 17 17 17 17 17 17 17 17 17 17 17 17 17 17 17 17 17 21 17 20 20 20 19 20 20 20 19 20 20 20 20 17 17 21 17 17 17 17 17 17 17 17 17 17 17 17 17 21 17 17 17 17 17 17 17 17 17 17 22 17 17 17 17 20 20 20 20 20 17 17 17 20 17 17 20 20 20 19 18 26 27 18 19 20 17 20 17 17 17 17 23 23 23 23 23 23 23 23 23 23 23 23 23 23 23 23 23 23 23 
23 23 23 23 23 23 23 23 23 23 23 23 23 23 23 23 23 23 23 17 17 17 17 17 17 17 17 17 17 17 17 17 17 17 17 17 17 17 17 17 17 17 17 17 17 17 17 17 17 20 20 20 20 20 20 20 20 17 17 17 17 17 17 17 17 17 22 17 17 17 17 17 17 17 17 17 17 17 17 17 17 17 17 17 17 17 17 17 17 17 17 17 17 17 20 17 17 17 17 17 17 17 17 17 20 20 19 18 18 18 19 20 20 17 17 17 17 17 17 23 23 23 23 23 23 23 23 23 23 23 23 23 23 23 23 23 23 23 
23 23 23 23 23 23 23 23 23 23 23 23 23 23 23 23 23 23 23 17 17 17 17 17 17 17 17 17 17 17 17 17 17 22 17 17 17 17 21 17 17 17 17 20 17 17 17 17 17 17 17 17 20 20 17 17 17 17 17 17 17 17 17 17 17 17 17 17 17 17 17 17 17 17 17 17 17 17 17 17 17 17 17 17 17 17 17 17 17 17 17 17 17 17 17 17 17 17 21 17 17 17 17 17 17 17 20 19 19 19 19 20 17 20 17 17 17 17 17 23 23 23 23 23 23 23 23 23 23 23 23 23 23 23 23 23 23 23 
23 23 23 23 23 23 23 23 23 23 23 23 23 23 23 23 23 23 23 17 17 17 17 17 17 17 17 17 17 17 17 17 17 17 17 17 17 17 17 17 20 20 20 20 20 20 17 17 17 17 22 17 17 17 17 17 22 17 17 17 17 17 17 17 17 17 17 17 17 17 17 17 17 17 17 17 17 17 17 17 17 17 17 17 21 17 17 17 17 17 17 21 17 17 17 17 17 17 17 17 17 17 17 17 17 20 17 20 20 20 17 20 17 17 17 17 17 17 17 23 23 23 23 23 23 23 23 23 23 23 23 23 23 23 23 23 23 23 
23 23 23 23 23 23 23 23 23 23 23 23 23 23 23 23 23 23 23 17 17 17 17 17 17 17 17 17 17 17 17 17 17 17 17 17 17 20 20 20 20 19 19 19 20 20 20 17 17 17 17 17 17 17 17 17 17 17 17 17 17 17 17 17 17 17 17 17 17 17 17 21 17 17 17 17 17 17 17 17 17 17 17 17 17 17 17 17 17 17 17 17 17 17 17 17 17 17 17 17 17 17 17 17 17 17 17 17 20 20 20 17 17 20 17 17 17 17 17 23 23 23 23 23 23 23 23 23 23 23 23 23 23 23 23 23 23 23 
23 23 23 23 23 23 23 23 23 23 23 23 23 23 23 23 23 23 23 17 17 17 17 22 17 17 17 17 17 17 17 17 17 17 17 17 20 20 19 20 19 19 19 19 19 19 20 20 17 17 17 17 17 17 17 17 17 17 17 17 17 17 17 17 17 17 17 22 17 17 17 17 17 17 17 17 17 21 17 17 17 17 17 17 17 17 17 22 17 17 17 17 17 17 17 17 17 17 17 17 17 17 17 17 17 17 17 17 17 17 17 17 17 17 17 20 17 17 17 23 23 23 23 23 23 23 23 23 23 23 23 23 23 23 23 23 23 23 
23 23 23 23 23 23 23 23 23 23 23 23 23 23 23 23 23 23 23 17 17 17 17 17 17 17 17 17 17 17 17 17 17 17 17 17 17 20 20 19 19 18 18 18 18 19 19 20 17 17 22 17 17 17 17 17 17 17 17 17 17 17 17 17 17 17 17 17 17 17 17 17 17 17 17 17 20 17 17 20 20 20 17 17 17 17 17 17 17 17 17 17 17 17 17 17 17 17 17 17 17 17 17 17 17 17 17 17 17 17 17 17 17 17 17 17 17 17 17 23 23 23 23 23 23 23 23 23 23 23 23 23 23 23 23 23 23 23 
23 23 23 23 23 23 23 23 23 23 23 23 23 23 23 23 23 23 23 17 17 17 17 17 17 17 17 17 17 17 17 17 17 17 21 17 17 20 20 19 18 18 24 25 18 18 19 19 20 17 17 17 17 17 17 17 17 17 17 17 17 17 17 17 17 17 17 17 17 17 17 17 20 17 20 20 20 20 20 20 20 20 20 17 17 17 17 17 17 17 17 17 17 37 17 17 17 17 17 17 17 17 17 17 17 17 17 17 17 17 17 17 17 17 17 17 20 17 17 23 23 23 23 23 23 23 23 23 23 23 23 23 23 23 23 23 23 23 
23 23 23 23 23 23 23 23 23 23 23 23 23 23 23 23 23 23 23 17 17 17 17 17 17 17 17 17 17 17 17 17 17 17 17 17 17 20 20 19 18 18 26 27 18 18 19 19 20 17 17 17 17 21 17 17 17 21 17 17 17 17 17 17 17 17 17 17 17 17 17 17 20 20 20 20 19 19 19 20 20 20 17 17 17 17 17 17 17 17 17 17 17 17 17 17 17 17 22 17 17 17 17 17 17 17 17 17 20 20 20 17 20 20 20 20 20 20 17 23 23 23 23 23 23 23 23 23 23 23 23 23 23 23 23 23 23 23 
23 23 23 23 23 23 23 23 23 23 23 23 23 23 23 23 23 23 23 17 17 17 17 17 17 17 17 17 17 17 17 17 17 17 17 17 17 20 19 19 18 19 18 18 18 18 19 19 20 17 17 17 17 17 17 17 17 17 17 17 17 17 17 17 37 17 17 17 17 17 17 17 17 20 20 19 19 19 19 19 19 20 20 17 20 17 17 17 17 17 17 17 17 17 17 17 17 17 17 17 17 17 17 17 17 20 17 20 20 17 20 20 20 20 20 20 20 20 20 23 23 23 23 23 23 23 23 23 23 23 23 23 23 23 23 23 23 23 
23 23 23 23 23 23 23 23 23 23 23 23 23 23 23 23 23 23 23 17 17 17 17 17 17 17 17 17 17 17 17 17 17 17 17 17 17 20 20 19 19 18 18 18 19 19 19 20 20 17 17 17 17 17 17 17 17 17 17 17 17 17 17 17 17 17 17 17 21 17 17 17 20 20 20 19 18 18 18 18 19 20 20 17 17 17 17 17 17 17 17 17 21 17 17 17 17 17 17 17 17 17 17 17 17 17 20 20 20 20 20 20 20 20 20 19 20 20 20 23 23 23 23 23 23 23 23 23 23 23 23 23 23 23 23 23 23 23 
23 23 23 23 23 23 23 23 23 23 23 23 23 23 23 23 23 23 23 17 17 17 17 17 17 17 17 17 17 17 17 17 17 17 22 17 17 17 20 20 19 19 19 19 19 19 20 20 17 17 22 17 17 17 17 17 17 17 17 17 17 17 17 17 17 17 17 17 17 17 17 20 20 20 19 19 18 18 18 18 19 20 20 17 17 17 17 17 17 17 17 17 17 17 17 17 17 17 17 17 17 21 17 17 20 20 20 20 19 20 20 20 19 20 20 20 20 19 19 23 23 23 23 23 23 23 23 23 23 23 23 23 23 23 23 23 23 23 
23 23 23 23 23 23 23 23 23 23 23 23 23 23 23 23 23 23 23 17 17 17 17 17 17 17 17 17 17 17 22 17 17 17 17 17 17 17 17 20 20 20 20 19 20 20 20 17 17 17 17 17 17 17 17 17 17 17 17 17 17 17 17 17 17 17 17 17 17 17 17 20 17 20 19 18 18 24 25 18 19 19 20 17 17 22 17 17 17 17 17 17 17 17 17 17 20 17 17 17 17 17 17 17 20 20 19 19 20 19 20 20 19 20 19 19 19 19 19 23 23 23 23 23 23 23 23 23 23 23 23 23 23 23 23 23 23 23 
23 23 23 23 23 23 23 23 23 23 23 23 23 23 23 23 23 23 23 17 17 17 17 17 17 17 17 17 17 17 17 17 17 17 17 17 17 17 17 17 17 20 20 20 20 20 17 17 17 17 17 17 17 17 17 17 17 17 17 17 17 17 17 17 17 17 17 17 17 17 17 17 20 20 19 18 18 26 27 18 19 19 20 17 17 17 17 17 21 17 17 17 17 17 17 17 17 17 17 17 17 17 20 20 20 20 19 20 20 19 19 19 19 19 19 19 18 18 18 23 23 23 23 23 23 23 23 23 23 23 23 23 23 23 23 23 23 23 
23 23 23 23 23 23 23 23 23 23 23 23 23 23 23 23 23 23 23 17 17 17 17 22 17 17 17 17 17 17 17 17 17 17 17 17 17 17 17 17 17 17 17 17 17 17 17 17 17 17 17 17 17 17 17 17 17 17 17 17 17 17 17 17 17 17 17 17 22 17 17 17 20 20 20 19 18 18 18 18 19 19 20 20 17 17 17 17 17 17 17 17 17 17 17 20 20 20 17 20 20 20 20 20 20 19 20 19 19 19 19 19 19 18 18 18 18 18 18 23 23 23 23 23 23 23 23 23 23 23 23 23 23 23 23 23 23 23 
23 23 23 23 23 23 23 23 23 23 23 23 23 23 23 23 23 23 23 17 17 17 17 17 17 17 17 17 17 17 17 17 17 17 17 17 17 17 17 21 17 17 17 17 17 17 21 17 17 17 17 17 17 17 17 17 17 17 17 17 17 17 17 17 17 17 17 17 17 17 17 17 20 17 20 19 19 19 19 19 19 20 17 17 17 17 17 17 17 17 17 17 17 20 17 20 20 20 20 20 20 20 20 19 20 20 19 19 19 19 19 18 18 18 18 18 18 18 18 23 23 23 23 23 23 23 23 23 23 23 23 23 23 23 23 23 23 23 
23 23 23 23 23 23 23 23 23 23 23 23 23 23 23 23 23 23 23 17 17 17 17 17 17 17 17 17 17 17 17 17 17 17 17 17 17 17 17 17 17 17 17 17 17 17 17 17 17 17 17 17 17 17 17 17 17 17 17 17 17 17 17 17 17 17 17 17 17 17 17 17 20 20 17 17 19 19 20 20 20 20 17 17 17 17 21 17 17 17 17 17 17 20 20 20 20 20 20 20 20 19 20 20 19 19 19 19 19 19 18 18 18 18 19 19 19 19 19 23 23 23 23 23 23 23 23 23 23 23 23 23 23 23 23 23 23 23 
23 23 23 23 23 23 23 23 23 23 23 23 23 23 23 23 23 23 23 17 17 17 17 17 17 17 17 17 17 17 17 17 17 17 17 17 17 17 17 17 17 17 22 17 17 17 17 17 17 17 17 17 17 17 17 17 17 17 17 17 17 17 17 17 17 17 17 17 17 17 17 17 17 20 20 20 20 20 17 17 17 17 17 17 17 17 17 17 17 17 17 17 17 17 20 20 20 20 19 19 20 20 20 19 20 19 19 19 18 18 18 18 19 19 19 19 19 19 19 23 23 23 23 23 23 23 23 23 23 23 23 23 23 23 23 23 23 23 
23 23 23 23 23 23 23 23 23 23 23 23 23 23 23 23 23 23 23 17 17 17 17 17 17 17 17 17 38 17 17 17 17 17 17 17 17 17 17 17 17 17 17 17 17 17 17 17 17 17 17 17 17 17 17 17 17 17 17 17 17 17 17 17 17 17 22 17 17 17 17 17 17 17 17 17 17 20 20 20 17 17 17 17 17 17 17 17 17 17 17 17 20 20 20 20 19 20 20 20 20 19 19 19 19 19 18 18 18 18 18 19 19 19 19 19 19 20 20 23 23 23 23 23 23 23 23 23 23 23 23 23 23 23 23 23 23 23 
23 23 23 23 23 23 23 23 23 23 23 23 23 23 23 23 23 23 23 17 17 17 17 17 17 17 17 17 17 17 17 17 17 17 17 17 17 17 17 17 17 17 17 17 17 17 17 17 17 17 17 17 17 17 17 17 17 17 17 17 17 17 17 17 17 17 17 17 17 17 17 17 21 17 17 17 17 17 17 17 17 17 17 17 17 17 17 17 17 17 17 17 17 20 20 20 19 20 19 19 19 19 19 19 19 18 19 18 18 19 19 19 19 20 20 20 20 20 20 23 23 23 23 23 23 23 23 23 23 23 23 23 23 23 23 23 23 23 
23 23 23 23 23 23 23 23 23 23 23 23 23 23 23 23 23 23 23 17 17 17 17 17 17 17 17 17 17 17 17 17 17 17 17 17 17 17 17 17 17 17 17 17 17 17 17 17 17 17 17 17 17 17 17 17 17 17 17 17 17 17 17 17 17 17 17 17 17 17 17 17 17 17 17 17 17 17 17 17 17 17 17 17 17 17 17 17 17 17 21 17 17 20 20 19 20 19 20 19 19 19 19 19 18 18 18 18 19 19 19 20 20 20 20 20 20 20 20 23 23 23 23 23 23 23 23 23 23 23 23 23 23 23 23 23 23 23 
23 23 23 23 23 23 23 23 23 23 23 23 23 23 23 23 23 23 23 17 17 17 17 17 17 17 17 17 17 17 17 17 17 17 17 21 17 17 17 17 17 17 17 17 17 17 17 17 17 17 17 17 17 37 17 17 17 17 17 17 17 17 17 17 17 17 17 17 17 17 17 17 17 17 17 17 17 17 17 17 17 17 21 17 17 17 17 17 17 17 17 17 20 20 20 20 20 19 19 19 18 18 18 19 18 18 18 18 19 19 20 20 17 17 20 20 20 17 17 23 23 23 23 23 23 23 23 23 23 23 23 23 23 23 23 23 23 23 
23 23 23 23 23 23 23 23 23 23 23 23 23 23 23 23 23 23 23 17 17 17 17 17 17 17 17 17 17 17 17 17 17 17 17 17 17 17 17 17 17 17 17 17 17 17 17 17 21 17 17 17 17 17 17 17 17 17 17 17 17 17 17 17 17 17 17 17 17 17 17 17 17 17 17 17 22 17 17 17 17 17 17 17 17 17 17 17 17 17 17 17 20 20 20 20 20 19 19 18 19 18 18 18 18 18 18 19 19 20 20 20 20 17 17 20 17 17 17 23 23 23 23 23 23 23 23 23 23 23 23 23 23 23 23 23 23 23 
23 23 23 23 23 23 23 23 23 23 23 23 23 23 23 23 23 23 23 17 17 17 17 17 17 17 17 17 21 17 17 17 17 17 17 17 17 17 17 17 17 17 17 17 17 17 17 17 17 17 17 17 17 17 17 17 17 17 17 17 17 17 17 17 17 17 17 17 17 17 17 17 17 17 17 17 17 17 17 17 17 17 17 17 17 17 17 17 20 20 17 20 20 20 19 20 19 19 19 18 18 18 18 18 18 18 19 19 20 20 19 20 17 17 17 17 17 17 17 23 23 23 23 23 23 23 23 23 23 23 23 23 23 23 23 23 23 23 
23 23 23 23 23 23 23 23 23 23 23 23 23 23 23 23 23 23 23 17 17 22 17 17 17 17 17 17 17 17 17 17 17 17 17 17 17 17 17 17 17 17 17 17 17 17 17 17 17 17 17 17 17 17 17 17 17 17 17 17 17 17 17 17 17 17 17 17 17 17 17 17 17 17 17 17 17 17 17 17 17 17 17 17 17 17 20 17 17 17 20 20 20 19 20 19 19 19 18 18 18 18 18 18 18 18 19 19 20 20 20 17 17 17 17 21 17 17 17 23 23 23 23 23 23 23 23 23 23 23 23 23 23 23 23 23 23 23 
23 23 23 23 23 23 23 23 23 23 23 23 23 23 23 23 23 23 23 17 17 17 17 17 17 17 17 17 17 17 17 17 17 22 17 17 17 17 17 17 17 17 17 17 17 17 17 17 17 17 17 17 17 17 17 17 17 17 17 17 17 17 17 17 17 17 17 17 17 17 38 17 17 17 17 17 17 17 17 17 17 17 17 17 17 17 17 17 20 20 20 20 20 20 20 19 19 19 19 18 18 18 18 18 18 18 19 19 19 20 20 17 17 17 17 17 17 17 17 23 23 23 23 23 23 23 23 23 23 23 23 23 23 23 23 23 23 23 
23 23 23 23 23 23 23 23 23 23 23 23 23 23 23 23 23 23 23 17 17 17 17 17 17 17 17 17 17 17 17 17 17 17 17 17 17 17 17 17 17 17 17 17 17 17 17 17 17 17 17 17 17 17 17 17 17 17 17 17 17 21 17 17 17 17 17 17 17 17 17 17 17 17 17 17 17 17 17 17 17 17 17 20 17 17 17 20 20 20 20 20 19 20 19 19 19 18 18 18 18 18 18 18 19 18 19 19 20 20 20 17 17 17 17 17 17 17 17 23 23 23 23 23 23 23 23 23 23 23 23 23 23 23 23 23 23 23 
23 23 23 23 23 23 23 23 23 23 23 23 23 23 23 23 23 23 23 17 17 17 17 21 17 17 17 17 20 17 17 17 17 17 17 17 17 17 17 17 17 17 17 17 17 17 17 17 17 17 17 17 17 17 17 17 17 17 17 17 17 17 17 17 17 17 17 17 17 17 17 17 17 17 17 17 17 17 17 17 17 17 17 17 17 17 17 20 20 20 19 20 20 19 19 19 18 18 18 18 18 18 18 18 18 19 19 20 20 20 20 17 17 17 17 17 17 17 17 23 23 23 23 23 23 23 23 23 23 23 23 23 23 23 23 23 23 23 
23 23 23 23 23 23 23 23 23 23 23 23 23 23 23 23 23 23 23 17 17 17 17 17 17 17 20 17 17 20 20 17 20 20 20 17 17 17 17 17 21 17 17 17 17 17 17 17 17 17 17 17 17 17 17 17 17 17 17 17 17 17 17 17 17 17 17 17 17 17 17 17 17 17 17 17 17 17 21 17 17 17 17 17 17 17 17 20 20 20 20 19 19 19 18 18 18 18 18 19 18 18 19 19 19 19 20 20 20 20 17 17 17 21 17 17 17 17 17 23 23 23 23 23 23 23 23 23 23 23 23 23 23 23 23 23 23 23 
23 23 23 23 23 23 23 23 23 23 23 23 23 23 23 23 23 23 23 17 17 17 17 17 17 17 20 20 20 20 20 20 20 20 20 17 17 17 22 17 17 17 17 17 17 17 17 17 17 17 17 17 17 17 17 17 17 17 17 17 17 17 17 17 17 17 17 17 17 17 17 17 17 17 17 17 17 17 17 17 17 17 17 17 17 20 20 20 19 20 19 19 19 18 18 18 18 18 19 19 19 19 19 19 19 20 20 19 20 20 20 17 17 17 17 17 17 17 17 23 23 23 23 23 23 23 23 23 23 23 23 23 23 23 23 23 23 23 
23 23 23 23 23 23 23 23 23 23 23 23 23 23 23 23 23 23 23 17 17 17 17 17 20 20 20 20 20 19 19 19 20 20 20 17 17 17 17 17 17 17 17 17 17 17 17 17 17 17 17 17 17 17 17 17 17 17 17 17 17 17 17 17 17 17 17 17 17 17 17 17 17 17 17 17 17 17 17 17 17 17 17 17 17 17 20 20 20 19 19 19 18 18 18 18 19 19 19 19 19 20 19 19 20 20 20 20 20 17 17 17 17 17 17 17 17 17 17 23 23 23 23 23 23 23 23 23 23 23 23 23 23 23 23 23 23 23 
23 23 23 23 23 23 23 23 23 23 23 23 23 23 23 23 23 23 23 17 17 17 17 20 17 17 20 20 19 18 18 19 19 17 20 17 17 17 17 17 17 17 17 17 17 17 17 17 17 17 17 17 17 17 17 17 17 17 17 17 17 17 17 17 17 17 17 17 17 17 17 17 17 17 17 17 17 17 17 17 21 17 17 17 17 20 20 20 19 19 19 18 18 18 19 19 19 19 20 19 19 19 20 19 20 20 20 20 20 20 17 17 17 17 17 17 17 17 17 23 23 23 23 23 23 23 23 23 23 23 23 23 23 23 23 23 23 23 
23 23 23 23 23 23 23 23 23 23 23 23 23 23 23 23 23 23 23 17 17 17 17 20 20 20 20 19 18 24 25 18 19 20 20 17 17 17 17 17 17 17 17 17 17 17 17 17 17 17 17 17 17 17 17 17 17 17 17 17 17 17 17 17 17 17 17 17 21 17 17 17 17 17 17 17 17 17 17 17 17 17 20 20 20 20 20 20 19 19 18 18 19 19 19 20 19 20 20 20 20 20 20 20 17 20 17 17 20 17 17 17 17 17 17 17 17 17 17 23 23 23 23 23 23 23 23 23 23 23 23 23 23 23 23 23 23 23 
23 23 23 23 23 23 23 23 23 23 23 23 23 23 23 23 23 23 23 17 21 17 22 17 17 20 20 19 18 26 27 18 19 20 20 20 17 17 17 17 17 17 17 37 17 17 17 17 17 17 17 17 17 17 17 17 17 17 17 17 17 17 17 17 17 17 17 17 17 17 17 17 17 20 20 17 17 17 17 17 17 17 20 20 20 19 20 19 19 18 18 18 19 19 20 20 19 20 20 20 19 20 20 20 17 17 17 17 17 17 17 17 17 17 17 17 17 17 17 23 23 23 23 23 23 23 23 23 23 23 23 23 23 23 23 23 23 23 
23 23 23 23 23 23 23 23 23 23 23 23 23 23 23 23 23 23 23 17 17 17 17 17 17 17 20 20 19 18 18 18 19 20 17 17 20 20 17 17 17 17 17 17 17 17 17 17 17 17 17 17 17 17 17 17 17 17 17 17 17 17 17 17 17 17 17 17 17 17 17 17 20 20 20 17 17 17 17 17 17 17 20 20 20 19 19 19 18 18 19 19 19 20 20 20 20 20 17 20 20 20 20 17 17 17 21 17 17 17 17 17 17 17 17 17 17 17 17 23 23 23 23 23 23 23 23 23 23 23 23 23 23 23 23 23 23 23 
23 23 23 23 23 23 23 23 23 23 23 23 23 23 23 23 23 23 23 17 17 17 17 17 20 17 20 20 19 19 19 19 19 20 17 17 17 17 17 17 17 17 17 17 17 17 17 17 17 17 17 17 17 17 17 17 17 17 17 17 17 17 17 17 17 17 17 17 17 17 17 20 20 17 17 20 17 17 20 17 20 20 20 20 19 19 19 18 18 19 19 19 20 20 17 17 17 21 17 17 17 17 20 17 17 17 17 17 17 17 17 17 17 17 17 17 17 17 17 23 23 23 23 23 23 23 23 23 23 23 23 23 23 23 23 23 23 23 
23 23 23 23 23 23 23 23 23 23 23 23 23 23 23 23 23 23 23 17 17 17 17 17 17 17 17 20 17 20 19 20 20 20 17 20 17 17 17 17 17 17 17 17 17 17 17 17 22 17 17 17 17 17 17 17 17 17 17 17 17 17 17 17 17 17 17 17 20 17 17 20 20 20 20 17 17 17 17 20 20 20 19 19 19 19 18 18 19 19 19 20 20 17 17 20 17 17 17 17 17 17 17 17 17 17 17 17 17 17 21 17 17 17 17 17 17 17 17 23 23 23 23 23 23 23 23 23 23 23 23 23 23 23 23 23 23 23 
23 23 23 23 23 23 23 23 23 23 23 23 23 23 23 23 23 23 23 17 17 17 17 17 17 17 17 20 20 20 17 20 20 20 17 17 17 17 17 17 17 17 17 17 17 17 17 17 17 17 17 17 17 17 17 17 17 17 17 17 17 17 17 17 17 17 17 17 17 20 20 20 20 20 20 20 20 20 20 20 20 20 20 19 19 18 18 19 19 19 20 20 20 17 17 17 17 17 17 17 17 17 22 17 17 17 17 17 17 17 17 17 17 17 17 17 17 17 17 23 23 23 23 23 23 23 23 23 23 23 23 23 23 23 23 23 23 23 
23 23 23 23 23 23 23 23 23 23 23 23 23 23 23 23 23 23 23 17 17 17 17 17 17 20 17 17 17 17 20 20 17 17 22 17 17 17 17 17 17 17 17 17 17 17 17 17 17 17 17 17 17 17 17 17 17 17 17 17 17 17 17 17 17 17 17 17 17 20 20 17 20 20 20 20 20 20 20 20 19 20 19 19 18 18 19 19 20 19 20 20 17 17 20 17 17 17 21 17 17 17 17 17 17 22 17 17 17 17 17 17 17 17 17 17 17 17 17 23 23 23 23 23 23 23 23 23 23 23 23 23 23 23 23 23 23 23 
23 23 23 23 23 23 23 23 23 23 23 23 23 23 23 23 23 23 23 17 17 17 17 17 17 17 17 17 17 17 17 17 17 17 17 17 17 17 17 17 17 17 17 17 17 17 17 17 17 17 17 17 17 17 17 17 17 17 17 17 17 17 17 17 17 17 17 17 20 20 20 20 20 19 20 20 20 19 20 20 19 19 19 18 18 19 19 20 20 19 20 20 17 20 17 17 17 17 17 17 17 20 20 20 17 17 17 17 17 17 17 17 17 17 17 37 17 17 17 23 23 23 23 23 23 23 23 23 23 23 23 23 23 23 23 23 23 23 
23 23 23 23 23 23 23 23 23 23 23 23 23 23 23 23 23 23 23 17 17 17 17 17 22 17 17 17 17 21 17 17 17 17 17 17 17 17 21 17 17 17 17 17 17 17 17 17 17 17 17 17 17 17 17 17 17 17 17 17 17 17 17 17 17 17 17 17 20 17 20 20 20 20 20 19 20 20 19 19 18 18 18 18 19 19 20 20 20 20 20 20 17 17 17 17 17 17 20 20 20 20 20 17 20 17 17 17 17 17 21 17 17 17 17 17 17 17 17 23 23 23 23 23 23 23 23 23 23 23 23 23 23 23 23 23 23 23 
23 23 23 23 23 23 23 23 23 23 23 23 23 23 23 23 23 23 23 17 17 17 17 17 17 17 17 17 17 17 17 17 17 17 17 17 17 17 17 17 17 17 17 17 17 17 17 17 17 17 17 17 17 17 17 17 17 17 17 17 17 17 17 17 17 17 17 17 20 20 20 20 20 19 20 20 20 19 19 18 19 18 18 19 19 20 19 20 20 20 20 17 17 17 17 17 17 20 19 19 19 19 19 20 20 17 17 17 17 17 17 17 17 17 17 17 17 17 17 23 23 23 23 23 23 23 23 23 23 23 23 23 23 23 23 23 23 23 
23 23 23 23 23 23 23 23 23 23 23 23 23 23 23 23 23 23 23 17 17 21 17 17 17 17 17 17 17 17 17 17 17 17 17 17 17 17 17 17 17 17 17 17 17 17 17 17 17 17 17 17 17 17 17 17 17 17 17 17 17 17 17 17 20 17 17 20 17 20 20 20 20 20 19 19 19 19 18 18 18 18 19 19 20 20 20 20 20 20 17 17 17 17 17 17 17 20 20 19 18 18 19 19 20 17 21 17 17 17 17 17 17 17 17 17 17 17 17 23 23 23 23 23 23 23 23 23 23 23 23 23 23 23 23 23 23 23 
23 23 23 23 23 23 23 23 23 23 23 23 23 23 23 23 23 23 23 17 17 17 17 17 17 17 17 21 17 17 17 17 17 38 17 17 17 17 17 17 17 17 17 17 17 17 17 17 17 17 17 17 17 17 17 17 17 17 17 17 21 17 17 17 17 17 17 17 20 20 20 20 19 19 19 19 18 18 18 18 18 19 19 20 20 19 20 20 17 17 17 17 17 17 21 17 20 20 20 18 24 25 18 20 20 17 17 17 17 17 17 17 17 17 17 17 17 17 17 23 23 23 23 23 23 23 23 23 23 23 23 23 23 23 23 23 23 23 
23 23 23 23 23 23 23 23 23 23 23 23 23 23 23 23 23 23 23 17 17 17 17 17 17 17 17 17 17 17 17 17 17 17 17 17 17 17 17 17 17 17 17 17 17 17 17 17 17 17 17 17 17 17 17 17 17 17 17 17 17 17 17 17 21 17 17 20 20 20 20 20 20 19 19 19 19 19 18 18 18 19 19 20 19 20 17 17 17 17 20 17 17 17 17 17 20 17 19 18 26 27 18 19 20 17 17 22 17 17 17 17 17 17 17 17 17 17 17 23 23 23 23 23 23 23 23 23 23 23 23 23 23 23 23 23 23 23 
23 23 23 23 23 23 23 23 23 23 23 23 23 23 23 23 23 23 23 17 17 17 17 17 17 17 17 17 17 17 17 17 17 17 17 17 17 17 17 17 17 17 17 17 17 17 37 17 17 17 17 17 17 17 17 17 17 17 17 17 17 17 17 17 17 17 20 20 20 20 19 20 19 20 19 18 18 18 18 18 19 19 19 20 20 17 20 17 21 17 17 17 17 17 17 17 17 20 20 18 18 18 19 19 20 20 17 17 17 17 17 17 17 17 17 17 17 17 17 23 23 23 23 23 23 23 23 23 23 23 23 23 23 23 23 23 23 23 
23 23 23 23 23 23 23 23 23 23 23 23 23 23 23 23 23 23 23 17 17 17 17 17 17 17 17 17 17 17 17 17 17 17 17 17 17 17 17 17 17 17 17 17 17 17 17 17 17 17 17 17 17 17 17 17 17 17 17 17 17 17 17 17 17 17 17 20 20 20 20 20 19 19 19 19 18 18 18 19 19 20 20 20 20 20 17 17 17 17 17 17 17 17 17 22 17 20 20 19 19 19 19 20 17 17 17 17 17 17 17 17 17 17 17 17 17 17 17 23 23 23 23 23 23 23 23 23 23 23 23 23 23 23 23 23 23 23 
23 23 23 23 23 23 23 23 23 23 23 23 23 23 23 23 23 23 23 17 17 17 17 17 17 17 17 17 17 17 17 17 17 17 17 17 17 17 17 17 17 17 17 17 17 17 17 17 17 17 17 17 17 17 17 17 17 17 17 17 17 17 17 17 17 17 20 20 20 19 20 19 19 19 18 18 18 18 19 19 19 19 20 20 20 20 17 17 17 17 17 17 17 17 17 17 17 20 20 20 20 20 20 20 17 17 17 17 17 17 17 17 17 17 22 17 17 17 17 23 23 23 23 23 23 23 23 23 23 23 23 23 23 23 23 23 23 23 
23 23 23 23 23 23 23 23 23 23 23 23 23 23 23 23 23 23 23 17 17 17 17 17 17 17 17 17 17 17 17 17 17 17 22 17 17 17 17 17 17 17 17 17 17 17 17 17 17 17 22 17 17 17 17 17 17 17 17 17 17 17 17 17 17 20 20 20 20 20 19 19 19 19 18 18 18 19 19 19 19 20 20 20 20 17 17 17 17 17 17 17 17 17 17 17 17 17 21 17 17 17 17 17 17 17 17 17 21 17 17 17 17 17 17 17 17 17 17 23 23 23 23 23 23 23 23 23 23 23 23 23 23 23 23 23 23 23 
23 23 23 23 23 23 23 23 23 23 23 23 23 23 23 23 23 23 23 17 17 17 17 17 17 17 17 17 17 17 17 17 17 17 17 17 17 17 17 17 17 17 17 17 17 17 17 17 17 17 17 17 17 17 17 17 17 17 17 17 17 17 17 20 17 20 20 19 20 19 19 19 19 18 18 19 18 19 19 20 19 20 20 20 17 17 20 17 17 17 17 17 21 17 17 17 17 17 17 17 17 17 17 17 22 17 17 17 17 17 17 17 17 17 17 17 17 17 17 23 23 23 23 23 23 23 23 23 23 23 23 23 23 23 23 23 23 23 
23 23 23 23 23 23 23 23 23 23 23 23 23 23 23 23 23 23 23 17 17 17 17 17 17 17 17 17 17 17 17 17 17 17 17 21 17 17 20 20 17 17 17 17 17 17 17 17 17 17 17 17 17 17 17 17 17 17 17 17 17 17 17 20 20 20 20 20 19 19 19 19 18 18 18 18 19 19 19 19 20 20 20 17 17 17 17 17 17 17 17 17 17 17 17 17 17 17 17 17 17 17 17 17 17 17 17 17 17 17 17 17 17 17 17 17 17 17 17 23 23 23 23 23 23 23 23 23 23 23 23 23 23 23 23 23 23 23 
23 23 23 23 23 23 23 23 23 23 23 23 23 23 23 23 23 23 23 17 17 17 17 17 17 17 17 17 17 17 21 17 17 17 17 17 17 20 20 17 17 17 17 20 17 22 17 17 17 17 17 17 17 17 17 17 17 17 17 20 17 20 20 20 19 20 19 20 19 19 19 18 18 18 18 19 19 19 19 19 20 20 20 20 17 21 17 17 17 17 17 17 17 17 17 17 17 17 17 17 17 17 17 17 21 17 17 17 17 17 17 17 17 17 17 17 17 17 17 23 23 23 23 23 23 23 23 23 23 23 23 23 23 23 23 23 23 23 
23 23 23 23 23 23 23 23 23 23 23 23 23 23 23 23 23 23 23 17 17 17 17 17 17 17 17 17 17 17 17 17 17 20 17 20 20 20 20 20 20 20 20 20 20 17 17 17 17 17 17 17 17 17 17 17 17 17 17 17 20 20 20 20 20 19 19 19 19 19 18 18 18 18 18 19 20 20 20 20 20 17 20 20 17 17 17 17 17 17 17 17 17 17 17 17 17 17 17 17 17 17 17 17 17 17 17 17 17 17 17 17 17 17 17 17 17 17 17 23 23 23 23 23 23 23 23 23 23 23 23 23 23 23 23 23 23 23 
23 23 23 23 23 23 23 23 23 23 23 23 23 23 23 23 23 23 23 17 17 17 17 17 37 17 17 17 17 17 17 17 20 20 17 20 20 20 20 20 20 20 20 20 20 17 17 17 17 17 17 17 17 17 17 17 17 21 17 20 20 19 20 20 19 19 19 19 18 18 18 18 18 18 19 19 19 20 19 20 20 20 17 17 17 17 17 17 17 17 17 17 17 17 17 17 17 17 17 17 17 17 17 17 17 17 17 17 17 17 17 17 17 17 17 17 17 17 17 23 23 23 23 23 23 23 23 23 23 23 23 23 23 23 23 23 23 23 
23 23 23 23 23 23 23 23 23 23 23 23 23 23 23 23 23 23 23 17 17 17 17 17 17 17 17 17 17 17 17 17 20 17 20 20 20 19 20 20 19 19 19 20 20 17 17 17 17 17 17 17 17 17 17 17 17 17 20 20 20 20 19 19 19 19 18 18 18 18 18 18 19 19 19 19 20 20 20 20 20 20 17 17 17 17 17 17 17 17 17 17 17 17 17 17 17 17 17 17 17 17 17 17 17 17 17 17 17 17 17 38 17 17 17 17 17 17 17 23 23 23 23 23 23 23 23 23 23 23 23 23 23 23 23 23 23 23 
23 23 23 23 23 23 23 23 23 23 23 23 23 23 23 23 23 23 23 17 17 17 17 17 17 17 17 17 17 17 17 17 20 20 20 19 19 19 19 19 19 19 20 20 20 20 20 17 17 17 17 17 17 17 17 17 17 17 20 20 20 19 19 19 18 18 19 19 18 18 19 19 19 19 19 19 20 19 20 20 20 17 17 17 21 17 17 17 17 21 17 17 17 17 21 17 17 17 17 17 17 17 17 17 17 17 17 17 17 17 17 17 17 17 17 17 17 17 17 23 23 23 23 23 23 23 23 23 23 23 23 23 23 23 23 23 23 23 
23 23 23 23 23 23 23 23 23 23 23 23 23 23 23 23 23 23 23 17 17 17 17 17 17 17 17 17 22 17 17 17 17 20 20 19 19 19 18 18 18 18 19 19 19 20 20 20 17 17 17 17 17 17 17 17 17 17 20 20 20 19 19 19 18 18 18 18 18 19 19 19 19 20 20 20 20 20 20 20 20 17 17 17 17 17 17 17 17 17 17 17 17 17 17 17 17 17 17 17 17 17 37 17 17 17 17 17 17 17 17 17 17 17 17 17 17 17 17 23 23 23 23 23 23 23 23 23 23 23 23 23 23 23 23 23 23 23 
23 23 23 23 23 23 23 23 23 23 23 23 23 23 23 23 23 23 23 17 17 17 17 17 17 17 17 17 17 17 17 17 17 17 19 20 19 18 18 24 25 18 18 19 20 20 17 17 17 21 17 17 17 17 17 17 17 17 20 19 20 19 19 19 18 18 18 18 19 19 20 20 19 20 20 20 20 20 20 20 17 20 17 17 17 17 17 17 22 17 17 17 17 17 17 17 17 17 17 17 17 17 17 17 17 17 17 17 17 17 17 17 17 17 17 17 17 17 17 23 23 23 23 23 23 23 23 23 23 23 23 23 23 23 23 23 23 23 
23 23 23 23 23 23 23 23 23 23 23 23 23 23 23 23 23 23 23 17 17 17 17 17 17 17 17 17 17 17 17 17 17 20 19 20 19 18 18 26 27 18 19 19 20 20 17 17 17 17 17 17 17 17 17 17 17 20 20 20 19 19 19 18 18 18 18 19 19 19 20 20 20 20 20 20 20 17 17 17 20 20 17 17 17 17 17 17 17 17 17 17 20 17 17 17 20 17 17 17 17 17 17 17 17 17 17 17 17 17 17 17 17 17 17 17 17 17 17 23 23 23 23 23 23 23 23 23 23 23 23 23 23 23 23 23 23 23 
23 23 23 23 23 23 23 23 23 23 23 23 23 23 23 23 23 23 23 17 17 17 17 17 17 17 17 17 17 17 21 17 17 20 20 20 19 19 18 18 18 18 19 19 19 20 17 20 17 17 17 17 17 17 17 17 20 20 20 20 19 19 19 19 18 18 19 19 20 19 20 20 20 20 20 17 17 17 17 17 20 17 17 17 17 17 17 17 17 20 17 20 20 20 20 20 20 20 17 17 17 17 17 17 17 17 17 17 17 17 17 17 17 17 17 17 17 17 17 23 23 23 23 23 23 23 23 23 23 23 23 23 23 23 23 23 23 23 
23 23 23 23 23 23 23 23 23 23 23 23 23 23 23 23 23 23 23 17 17 17 17 17 17 38 17 17 17 17 17 17 17 20 17 20 20 19 19 18 18 19 19 19 20 20 17 20 17 17 17 17 17 17 17 17 17 20 19 20 19 19 18 18 18 19 20 19 19 20 20 20 17 17 17 17 20 20 17 17 17 17 17 17 17 17 21 17 17 20 20 19 19 19 19 20 20 22 17 17 17 17 22 17 17 17 17 17 17 17 17 17 17 17 17 17 17 17 17 23 23 23 23 23 23 23 23 23 23 23 23 23 23 23 23 23 23 23 
23 23 23 23 23 23 23 23 23 23 23 23 23 23 23 23 23 23 23 17 17 17 17 17 17 17 17 17 17 17 17 17 17 17 17 20 20 19 18 19 19 19 19 20 20 20 17 17 17 17 17 17 17 17 17 17 17 20 19 20 19 19 18 18 18 19 19 19 20 20 20 17 17 20 20 17 17 17 17 17 17 17 17 17 17 17 17 17 17 20 19 18 18 18 19 20 20 17 20 17 17 17 17 17 17 17 17 17 17 17 17 17 17 17 17 17 17 17 17 23 23 23 23 23 23 23 23 23 23 23 23 23 23 23 23 23 23 23 
23 23 23 23 23 23 23 23 23 23 23 23 23 23 23 23 23 23 23 17 17 17 17 17 17 17 17 17 17 17 17 17 22 17 20 20 20 19 19 19 19 20 19 20 20 20 17 17 17 17 17 17 17 17 20 17 17 20 20 19 19 18 18 18 18 19 20 19 20 20 17 17 17 17 17 17 17 17 17 17 17 17 17 17 17 17 17 22 17 20 19 18 24 25 18 19 20 17 20 17 17 17 17 17 17 17 17 17 17 17 17 17 17 22 17 17 17 17 17 23 23 23 23 23 23 23 23 23 23 23 23 23 23 23 23 23 23 23 
23 23 23 23 23 23 23 23 23 23 23 23 23 23 23 23 23 23 23 17 17 17 17 17 17 17 17 17 17 17 17 17 17 17 20 17 17 20 20 20 20 20 20 20 17 20 20 17 17 17 17 17 17 17 17 17 20 20 20 19 19 18 18 18 19 19 20 20 20 17 20 17 21 17 17 17 17 17 17 17 17 17 17 17 17 17 17 17 20 20 19 18 26 27 18 19 20 17 17 17 17 17 17 17 17 17 17 17 17 17 17 17 17 17 17 17 17 17 17 23 23 23 23 23 23 23 23 23 23 23 23 23 23 23 23 23 23 23 
23 23 23 23 23 23 23 23 23 23 23 23 23 23 23 23 23 23 23 17 17 17 17 17 17 17 17 17 17 17 17 17 17 17 20 17 17 20 17 20 20 17 20 20 17 17 20 17 22 17 17 17 17 17 17 17 20 20 19 19 19 18 18 18 19 19 19 20 20 17 17 17 17 17 17 21 17 17 17 17 37 17 17 17 17 21 17 17 17 20 20 19 18 18 19 19 20 20 17 17 17 17 17 17 17 17 17 17 17 17 17 17 17 17 17 17 17 17 17 23 23 23 23 23 23 23 23 23 23 23 23 23 23 23 23 23 23 23 
23 23 23 23 23 23 23 23 23 23 23 23 23 23 23 23 23 23 23 17 17 17 17 17 17 17 22 17 17 17 17 17 17 17 17 17 22 17 17 17 17 17 17 17 17 17 17 17 17 17 17 17 17 17 20 20 19 20 19 19 18 18 18 19 19 19 20 20 20 17 17 17 17 17 17 17 17 17 17 17 17 17 17 17 17 17 17 17 22 17 20 19 19 20 20 20 20 20 17 17 17 17 17 17 17 17 17 17 17 17 17 17 17 17 17 17 17 17 17 23 23 23 23 23 23 23 23 23 23 23 23 23 23 23 23 23 23 23 
23 23 23 23 23 23 23 23 23 23 23 23 23 23 23 23 23 23 23 17 17 17 17 17 17 17 17 17 17 17 17 17 17 17 17 17 17 17 17 17 20 20 17 17 17 17 17 17 17 17 17 21 17 17 20 20 20 19 19 19 18 18 18 19 19 19 20 20 20 17 17 17 17 17 17 17 17 17 17 17 17 17 17 17 17 17 17 17 17 17 17 20 20 17 20 19 20 17 17 17 17 21 17 17 17 17 17 38 17 17 17 17 17 17 17 17 17 17 17 23 23 23 23 23 23 23 23 23 23 23 23 23 23 23 23 23 23 23 
23 23 23 23 23 23 23 23 23 23 23 23 23 23 23 23 23 23 23 17 17 17 17 17 17 17 17 17 17 17 17 22 17 17 17 17 17 17 17 17 17 17 17 17 17 17 22 17 17 17 17 17 17 17 20 20 20 19 19 18 18 19 19 19 19 19 19 20 17 17 17 17 21 17 17 17 17 17 17 17 17 17 17 22 17 17 17 17 17 17 17 17 20 17 17 17 17 17 17 17 17 17 17 17 17 17 17 17 17 17 17 17 17 17 17 17 17 17 17 23 23 23 23 23 23 23 23 23 23 23 23 23 23 23 23 23 23 23 
23 23 23 23 23 23 23 23 23 23 23 23 23 23 23 23 23 23 23 17 17 17 17 17 17 17 17 17 17 17 17 17 17 17 17 17 17 17 17 17 17 17 17 17 17 17 17 17 17 17 17 20 20 20 20 20 19 19 18 18 18 18 19 19 19 20 20 20 17 20 17 17 17 17 17 17 17 17 17 17 17 17 17 17 17 17 17 17 17 21 17 17 17 17 17 17 17 17 22 17 17 17 17 17 17 17 17 17 17 17 17 17 17 17 17 17 17 17 17 23 23 23 23 23 23 23 23 23 23 23 23 23 23 23 23 23 23 23 
23 23 23 23 23 23 23 23 23 23 23 23 23 23 23 23 23 23 23 17 17 17 17 17 17 17 17 17 17 17 17 17 17 17 17 17 17 17 17 17 17 17 17 17 17 17 17 17 17 17 17 20 17 20 20 19 19 19 18 18 18 18 19 19 20 20 20 17 17 17 17 17 17 17 17 17 17 17 17 17 17 17 17 17 17 17 17 17 17 17 17 17 17 17 17 17 17 17 17 17 17 17 17 17 17 17 17 17 17 17 17 17 17 17 17 17 17 17 17 23 23 23 23 23 23 23 23 23 23 23 23 23 23 23 23 23 23 23 
23 23 23 23 23 23 23 23 23 23 23 23 23 23 23 23 23 23 23 23 23 23 23 23 23 23 23 23 23 23 23 23 23 23 23 23 23 23 23 23 23 23 23 23 23 23 23 23 23 23 23 23 23 23 23 23 23 23 23 23 23 23 23 23 23 23 23 23 23 23 23 23 23 23 23 23 23 23 23 23 23 23 23 23 23 23 23 23 23 23 23 23 23 23 23 23 23 23 23 23 23 23 23 23 23 23 23 23 23 23 23 23 23 23 23 23 23 23 23 23 23 23 23 23 23 23 23 23 23 23 23 23 23 23 23 23 23 23 
23 23 23 23 23 23 23 23 23 23 23 23 23 23 23 23 23 23 23 23 23 23 23 23 23 23 23 23 23 23 23 23 23 23 23 23 23 23 23 23 23 23 23 23 23 23 23 23 23 23 23 23 23 23 23 23 23 23 23 23 23 23 23 23 23 23 23 23 23 23 23 23 23 23 23 23 23 23 23 23 23 23 23 23 23 23 23 23 23 23 23 23 23 23 23 23 23 23 23 23 23 23 23 23 23 23 23 23 23 23 23 23 23 23 23 23 23 23 23 23 23 23 23 23 23 23 23 23 23 23 23 23 23 23 23 23 23 23 
23 23 23 23 23 23 23 23 23 23 23 23 23 23 23 23 23 23 23 23 23 23 23 23 23 23 23 23 23 23 23 23 23 23 23 23 23 23 23 23 23 23 23 23 23 23 23 23 23 23 23 23 23 23 23 23 23 23 23 23 23 23 23 23 23 23 23 23 23 23 23 23 23 23 23 23 23 23 23 23 23 23 23 23 23 23 23 23 23 23 23 23 23 23 23 23 23 23 23 23 23 23 23 23 23 23 23 23 23 23 23 23 23 23 23 23 23 23 23 23 23 23 23 23 23 23 23 23 23 23 23 23 23 23 23 23 23 23 
23 23 23 23 23 23 23 23 23 23 23 23 23 23 23 23 23 23 23 23 23 23 23 23 23 23 23 23 23 23 23 23 23 23 23 23 23 23 23 23 23 23 23 23 23 23 23 23 23 23 23 23 23 23 23 23 23 23 23 23 23 23 23 23 23 23 23 23 23 23 23 23 23 23 23 23 23 23 23 23 23 23 23 23 23 23 23 23 23 23 23 23 23 23 23 23 23 23 23 23 23 23 23 23 23 23 23 23 23 23 23 23 23 23 23 23 23 23 23 23 23 23 23 23 23 23 23 23 23 23 23 23 23 23 23 23 23 23 
23 23 23 23 23 23 23 23 23 23 23 23 23 23 23 23 23 23 23 23 23 23 23 23 23 23 23 23 23 23 23 23 23 23 23 23 23 23 23 23 23 23 23 23 23 23 23 23 23 23 23 23 23 23 23 23 23 23 23 23 23 23 23 23 23 23 23 23 23 23 23 23 23 23 23 23 23 23 23 23 23 23 23 23 23 23 23 23 23 23 23 23 23 23 23 23 23 23 23 23 23 23 23 23 23 23 23 23 23 23 23 23 23 23 23 23 23 23 23 23 23 23 23 23 23 23 23 23 23 23 23 23 23 23 23 23 23 23 
23 23 23 23 23 23 23 23 23 23 23 23 23 23 23 23 23 23 23 23 23 23 23 23 23 23 23 23 23 23 23 23 23 23 23 23 23 23 23 23 23 23 23 23 23 23 23 23 23 23 23 23 23 23 23 23 23 23 23 23 23 23 23 23 23 23 23 23 23 23 23 23 23 23 23 23 23 23 23 23 23 23 23 23 23 23 23 23 23 23 23 23 23 23 23 23 23 23 23 23 23 23 23 23 23 23 23 23 23 23 23 23 23 23 23 23 23 23 23 23 23 23 23 23 23 23 23 23 23 23 23 23 23 23 23 23 23 23 
23 23 23 23 23 23 23 23 23 23 23 23 23 23 23 23 23 23 23 23 23 23 23 23 23 23 23 23 23 23 23 23 23 23 23 23 23 23 23 23 23 23 23 23 23 23 23 23 23 23 23 23 23 23 23 23 23 23 23 23 23 23 23 23 23 23 23 23 23 23 23 23 23 23 23 23 23 23 23 23 23 23 23 23 23 23 23 23 23 23 23 23 23 23 23 23 23 23 23 23 23 23 23 23 23 23 23 23 23 23 23 23 23 23 23 23 23 23 23 23 23 23 23 23 23 23 23 23 23 23 23 23 23 23 23 23 23 23 
23 23 23 23 23 23 23 23 23 23 23 23 23 23 23 23 23 23 23 23 23 23 23 23 23 23 23 23 23 23 23 23 23 23 23 23 23 23 23 23 23 23 23 23 23 23 23 23 23 23 23 23 23 23 23 23 23 23 23 23 23 23 23 23 23 23 23 23 23 23 23 23 23 23 23 23 23 23 23 23 23 23 23 23 23 23 23 23 23 23 23 23 23 23 23 23 23 23 23 23 23 23 23 23 23 23 23 23 23 23 23 23 23 23 23 23 23 23 23 23 23 23 23 23 23 23 23 23 23 23 23 23 23 23 23 23 23 23 
23 23 23 23 23 23 23 23 23 23 23 23 23 23 23 23 23 23 23 23 23 23 23 23 23 23 23 23 23 23 23 23 23 23 23 23 23 23 23 23 23 23 23 23 23 23 23 23 23 23 23 23 23 23 23 23 23 23 23 23 23 23 23 23 23 23 23 23 23 23 23 23 23 23 23 23 23 23 23 23 23 23 23 23 23 23 23 23 23 23 23 23 23 23 23 23 23 23 23 23 23 23 23 23 23 23 23 23 23 23 23 23 23 23 23 23 23 23 23 23 23 23 23 23 23 23 23 23 23 23 23 23 23 23 23 23 23 23 
23 23 23 23 23 23 23 23 23 23 23 23 23 23 23 23 23 23 23 23 23 23 23 23 23 23 23 23 23 23 23 23 23 23 23 23 23 23 23 23 23 23 23 23 23 23 23 23 23 23 23 23 23 23 23 23 23 23 23 23 23 23 23 23 23 23 23 23 23 23 23 23 23 23 23 23 23 23 23 23 23 23 23 23 23 23 23 23 23 23 23 23 23 23 23 23 23 23 23 23 23 23 23 23 23 23 23 23 23 23 23 23 23 23 23 23 23 23 23 23 23 23 23 23 23 23 23 23 23 23 23 23 23 23 23 23 23 23 
23 23 23 23 23 23 23 23 23 23 23 23 23 23 23 23 23 23 23 23 23 23 23 23 23 23 23 23 23 23 23 23 23 23 23 23 23 23 23 23 23 23 23 23 23 23 23 23 23 23 23 23 23 23 23 23 23 23 23 23 23 23 23 23 23 23 23 23 23 23 23 23 23 23 23 23 23 23 23 23 23 23 23 23 23 23 23 23 23 23 23 23 23 23 23 23 23 23 23 23 23 23 23 23 23 23 23 23 23 23 23 23 23 23 23 23 23 23 23 23 23 23 23 23 23 23 23 23 23 23 23 23 23 23 23 23 23 23
